<?xml version="1.0"?>
<opencv_storage>
<images>
  jpg_out_00_00_-702.718018_459.879150.jpg

  jpg_out_00_01_-703.002197_468.153625.jpg

  jpg_out_00_02_-703.887146_477.198273.jpg

  jpg_out_00_03_-703.714600_486.569366.jpg

  jpg_out_00_04_-703.600220_495.632812.jpg

  jpg_out_00_05_-703.755432_505.205109.jpg

  jpg_out_00_06_-704.574646_514.560486.jpg

  jpg_out_00_07_-704.096008_524.398193.jpg

  jpg_out_00_08_-703.979126_533.485413.jpg

  jpg_out_00_09_-704.390015_542.566650.jpg

  jpg_out_00_10_-704.278259_550.769470.jpg

  jpg_out_00_11_-705.019165_560.035889.jpg

  jpg_out_00_12_-705.030090_569.957581.jpg

  jpg_out_00_13_-704.360962_579.607605.jpg

  jpg_out_00_14_-705.493225_588.249817.jpg

  jpg_out_00_15_-705.215942_598.585510.jpg

  jpg_out_00_16_-705.071106_608.724670.jpg

  jpg_out_01_00_-710.999329_459.173370.jpg

  jpg_out_01_01_-711.032471_467.579895.jpg

  jpg_out_01_02_-711.883179_476.398163.jpg

  jpg_out_01_03_-712.228882_485.748169.jpg

  jpg_out_01_04_-712.259949_495.171143.jpg

  jpg_out_01_05_-712.161133_504.293213.jpg

  jpg_out_01_06_-712.170288_513.569153.jpg

  jpg_out_01_07_-712.270508_522.813049.jpg

  jpg_out_01_08_-712.243591_531.918762.jpg

  jpg_out_01_09_-712.276123_541.874146.jpg

  jpg_out_01_10_-712.592590_551.283142.jpg

  jpg_out_01_11_-712.666992_559.669983.jpg

  jpg_out_01_12_-713.242249_570.298645.jpg

  jpg_out_01_13_-712.900146_578.575684.jpg

  jpg_out_01_14_-712.730835_588.677673.jpg

  jpg_out_01_15_-713.380432_598.004822.jpg

  jpg_out_01_16_-713.095276_606.884216.jpg

  jpg_out_02_00_-720.022522_458.508331.jpg

  jpg_out_02_01_-720.485413_467.131500.jpg

  jpg_out_02_02_-720.185486_476.789490.jpg

  jpg_out_02_03_-721.048767_485.270996.jpg

  jpg_out_02_04_-720.926575_495.408752.jpg

  jpg_out_02_05_-720.829773_503.987305.jpg

  jpg_out_02_06_-721.748230_513.789856.jpg

  jpg_out_02_07_-721.408875_523.452454.jpg

  jpg_out_02_08_-721.449585_532.460938.jpg

  jpg_out_02_09_-722.581238_541.461182.jpg

  jpg_out_02_10_-721.292053_551.314819.jpg

  jpg_out_02_11_-722.460205_560.048889.jpg

  jpg_out_02_12_-722.136719_569.399963.jpg

  jpg_out_02_13_-722.167419_578.451477.jpg

  jpg_out_02_14_-722.772766_588.626343.jpg

  jpg_out_02_15_-723.089172_598.703430.jpg

  jpg_out_02_16_-722.568726_606.857849.jpg

  jpg_out_03_00_-729.267334_458.071777.jpg

  jpg_out_03_01_-729.422424_467.777832.jpg

  jpg_out_03_02_-729.465027_476.708435.jpg

  jpg_out_03_03_-729.514404_485.386108.jpg

  jpg_out_03_04_-730.570007_494.940369.jpg

  jpg_out_03_05_-730.620483_504.384552.jpg

  jpg_out_03_06_-730.671143_513.444214.jpg

  jpg_out_03_07_-731.209534_522.974854.jpg

  jpg_out_03_08_-731.254700_532.443481.jpg

  jpg_out_03_09_-731.395508_542.509094.jpg

  jpg_out_03_10_-730.972412_551.216614.jpg

  jpg_out_03_11_-730.922791_559.498596.jpg

  jpg_out_03_12_-731.974548_569.642334.jpg

  jpg_out_03_13_-731.321960_578.886292.jpg

  jpg_out_03_14_-731.480652_588.293701.jpg

  jpg_out_03_15_-731.571838_597.392334.jpg

  jpg_out_03_16_-731.413330_607.325745.jpg

  jpg_out_04_00_-738.772888_459.306458.jpg

  jpg_out_04_01_-738.939331_467.609131.jpg

  jpg_out_04_02_-739.740234_477.082947.jpg

  jpg_out_04_03_-739.606995_485.688904.jpg

  jpg_out_04_04_-739.659973_495.179962.jpg

  jpg_out_04_05_-739.571899_503.470062.jpg

  jpg_out_04_06_-739.752991_513.292908.jpg

  jpg_out_04_07_-740.117859_522.882446.jpg

  jpg_out_04_08_-740.790344_532.681213.jpg

  jpg_out_04_09_-740.503967_541.028809.jpg

  jpg_out_04_10_-740.342163_550.304688.jpg

  jpg_out_04_11_-740.549133_560.741760.jpg

  jpg_out_04_12_-741.095154_569.365540.jpg

  jpg_out_04_13_-741.216003_579.113098.jpg

  jpg_out_04_14_-740.896057_588.613220.jpg

  jpg_out_04_15_-740.708069_597.898743.jpg

  jpg_out_04_16_-741.521790_607.093384.jpg

  jpg_out_05_00_-748.121338_457.643005.jpg

  jpg_out_05_01_-748.169250_466.683533.jpg

  jpg_out_05_02_-748.032654_476.718201.jpg

  jpg_out_05_03_-748.096008_485.882721.jpg

  jpg_out_05_04_-748.852295_495.009125.jpg

  jpg_out_05_05_-749.046875_504.533325.jpg

  jpg_out_05_06_-749.089294_513.586853.jpg

  jpg_out_05_07_-749.329163_522.281860.jpg

  jpg_out_05_08_-749.561768_532.131897.jpg

  jpg_out_05_09_-749.747925_541.544250.jpg

  jpg_out_05_10_-749.247009_550.184875.jpg

  jpg_out_05_11_-750.625610_559.899841.jpg

  jpg_out_05_12_-750.460022_569.018066.jpg

  jpg_out_05_13_-750.145020_579.180847.jpg

  jpg_out_05_14_-749.832458_588.104431.jpg

  jpg_out_05_15_-749.866943_597.364563.jpg

  jpg_out_05_16_-750.618652_607.110046.jpg

  jpg_out_06_00_-757.102478_458.430420.jpg

  jpg_out_06_01_-757.290039_467.341461.jpg

  jpg_out_06_02_-757.143860_475.927429.jpg

  jpg_out_06_03_-757.404480_485.020935.jpg

  jpg_out_06_04_-757.410828_495.373199.jpg

  jpg_out_06_05_-758.370667_504.802277.jpg

  jpg_out_06_06_-758.110474_513.738098.jpg

  jpg_out_06_07_-757.971375_523.650818.jpg

  jpg_out_06_08_-758.732178_532.610657.jpg

  jpg_out_06_09_-758.909424_541.558533.jpg

  jpg_out_06_10_-759.083313_550.817993.jpg

  jpg_out_06_11_-758.994690_559.266052.jpg

  jpg_out_06_12_-758.695068_569.393005.jpg

  jpg_out_06_13_-759.694702_578.537903.jpg

  jpg_out_06_14_-759.411133_587.977783.jpg

  jpg_out_06_15_-759.667297_597.944885.jpg

  jpg_out_06_16_-759.701355_607.284851.jpg

  jpg_out_07_00_-765.971436_458.689667.jpg

  jpg_out_07_01_-766.192444_467.323669.jpg

  jpg_out_07_02_-766.975342_477.301025.jpg

  jpg_out_07_03_-766.311523_485.113525.jpg

  jpg_out_07_04_-766.712158_495.406250.jpg

  jpg_out_07_05_-766.772827_504.053894.jpg

  jpg_out_07_06_-766.838745_513.375183.jpg

  jpg_out_07_07_-767.746582_522.711975.jpg

  jpg_out_07_08_-767.794067_533.342285.jpg

  jpg_out_07_09_-767.521545_541.328491.jpg

  jpg_out_07_10_-767.710388_550.875671.jpg

  jpg_out_07_11_-768.252686_560.211609.jpg

  jpg_out_07_12_-768.637878_569.174622.jpg

  jpg_out_07_13_-768.803345_578.197998.jpg

  jpg_out_07_14_-768.283752_588.556152.jpg

  jpg_out_07_15_-768.319702_597.284485.jpg

  jpg_out_07_16_-768.455261_606.658813.jpg

  jpg_out_08_00_-775.170532_458.281616.jpg

  jpg_out_08_01_-775.104736_467.810120.jpg

  jpg_out_08_02_-775.284973_476.168884.jpg

  jpg_out_08_03_-775.350952_485.531891.jpg

  jpg_out_08_04_-776.489075_495.036987.jpg

  jpg_out_08_05_-776.331543_504.905029.jpg

  jpg_out_08_06_-776.205261_514.295837.jpg

  jpg_out_08_07_-777.308655_523.698608.jpg

  jpg_out_08_08_-776.880371_533.057190.jpg

  jpg_out_08_09_-777.334045_541.924500.jpg

  jpg_out_08_10_-777.419006_550.999695.jpg

  jpg_out_08_11_-777.139954_559.053467.jpg

  jpg_out_08_12_-777.828735_570.147522.jpg

  jpg_out_08_13_-777.554260_578.768677.jpg

  jpg_out_08_14_-777.374268_588.641968.jpg

  jpg_out_08_15_-777.645203_597.700867.jpg

  jpg_out_08_16_-777.678223_607.168701.jpg

  jpg_out_09_00_-784.145325_459.406799.jpg

  jpg_out_09_01_-784.729126_468.088287.jpg

  jpg_out_09_02_-784.422424_476.886292.jpg

  jpg_out_09_03_-784.676880_486.282135.jpg

  jpg_out_09_04_-785.776672_495.556549.jpg

  jpg_out_09_05_-785.704224_504.142883.jpg

  jpg_out_09_06_-785.767456_513.942444.jpg

  jpg_out_09_07_-786.462341_523.025574.jpg

  jpg_out_09_08_-786.397461_532.163086.jpg

  jpg_out_09_09_-786.672485_542.575684.jpg

  jpg_out_09_10_-786.739990_551.161743.jpg

  jpg_out_09_11_-786.330200_559.850281.jpg

  jpg_out_09_12_-786.831360_570.509521.jpg

  jpg_out_09_13_-786.175354_579.093079.jpg

  jpg_out_09_14_-787.072205_589.168152.jpg

  jpg_out_09_15_-786.716431_598.930298.jpg

  jpg_out_09_16_-786.870239_608.086426.jpg

  jpg_out_10_00_-793.399963_460.026398.jpg

  jpg_out_10_01_-793.612610_469.164703.jpg

  jpg_out_10_02_-793.384521_477.276855.jpg

  jpg_out_10_03_-794.623962_486.432465.jpg

  jpg_out_10_04_-794.687073_495.239716.jpg

  jpg_out_10_05_-794.871582_504.410583.jpg

  jpg_out_10_06_-794.317932_513.694580.jpg

  jpg_out_10_07_-794.458496_523.227356.jpg

  jpg_out_10_08_-795.674377_533.072998.jpg

  jpg_out_10_09_-794.499146_542.093506.jpg

